function [cmap] = NIH3()
% colormap: National Institute of Health (NIH), edited
% hardcoded 256 levels :(
% good contrast throughout though
cmap = ...
[           0            0            0
     0.019608            0     0.043137
     0.043137            0     0.086275
     0.066667            0      0.13333
     0.086275            0      0.17647
       0.1098            0      0.21961
      0.13333            0      0.26667
      0.15294            0       0.3098
      0.17647            0      0.35294
          0.2            0          0.4
      0.21961            0      0.44314
      0.24314            0      0.48627
      0.26667            0      0.53333
      0.28627            0      0.57647
       0.3098            0      0.61961
      0.33333            0      0.66667
      0.32184            0      0.67816
      0.31034            0      0.68966
      0.29885            0      0.70115
      0.28735            0      0.71265
      0.27586            0      0.72414
      0.26437            0      0.73563
      0.25287            0      0.74713
      0.24138            0      0.75862
      0.22988            0      0.77012
      0.21839            0      0.78161
      0.20689            0      0.79311
       0.1954            0       0.8046
      0.18391            0      0.81609
      0.17241            0      0.82759
      0.16092            0      0.83908
      0.14942            0      0.85058
      0.13793            0      0.86207
      0.12644            0      0.87356
      0.11494            0      0.88506
      0.10345            0      0.89655
     0.091953            0      0.90805
     0.080459            0      0.91954
     0.068965            0      0.93104
     0.057471            0      0.94253
     0.045977            0      0.95402
     0.034482            0      0.96552
     0.022988            0      0.97701
     0.011494            0      0.98851
            0            0            1
            0     0.013889            1
            0     0.027778            1
            0     0.041666            1
            0     0.055555            1
            0     0.069444            1
            0     0.083333            1
            0     0.097221            1
            0      0.11111            1
            0        0.125            1
            0      0.13889            1
            0      0.15278            1
            0      0.16667            1
            0      0.18055            1
            0      0.19444            1
            0      0.20833            1
            0      0.22222            1
            0      0.23611            1
            0         0.25            1
            0      0.26389            1
            0      0.27777            1
            0      0.29166            1
            0      0.30555            1
            0      0.31944            1
            0      0.33333            1
            0      0.34615      0.98718
            0      0.35897      0.97436
            0      0.37179      0.96154
            0      0.38461      0.94872
            0      0.39743       0.9359
            0      0.41025      0.92308
            0      0.42308      0.91026
            0       0.4359      0.89744
            0      0.44872      0.88462
            0      0.46154       0.8718
            0      0.47436      0.85898
            0      0.48718      0.84616
            0          0.5      0.83334
            0      0.51282      0.82051
            0      0.52564      0.80769
            0      0.53846      0.79487
            0      0.55128      0.78205
            0       0.5641      0.76923
            0      0.57692      0.75641
            0      0.58975      0.74359
            0      0.60257      0.73077
            0      0.61539      0.71795
            0      0.62821      0.70513
            0      0.64103      0.69231
            0      0.65385      0.67949
            0      0.66667      0.66667
            0      0.67902      0.66667
            0      0.69136      0.66667
            0      0.70371      0.66667
            0      0.71605      0.66667
            0       0.7284      0.66667
            0      0.74074      0.66667
            0      0.75309      0.66667
            0      0.76543      0.66667
            0      0.77778      0.66667
            0      0.79013      0.66667
            0      0.80247      0.66667
            0      0.81482      0.66667
            0      0.82716      0.66667
            0      0.83951      0.66667
            0      0.85185      0.66667
            0       0.8642      0.66667
            0      0.87654      0.66667
            0      0.88889      0.66667
            0      0.90124      0.66667
            0      0.91358      0.66667
            0      0.92593      0.66667
            0      0.93827      0.66667
            0      0.95062      0.66667
            0      0.96296      0.66667
            0      0.97531      0.66667
            0      0.98765      0.66667
            0            1      0.66667
            0            1      0.62745
            0            1      0.58824
            0            1      0.54902
            0            1      0.50981
            0            1      0.47059
            0            1      0.43137
            0            1      0.39216
            0            1      0.35294
            0            1      0.31373
            0            1      0.27451
            0            1       0.2353
            0            1      0.19608
            0            1      0.15686
            0            1      0.11765
            0            1     0.078432
            0            1     0.039216
            0            1            0
     0.047619            1            0
     0.095238            1            0
      0.14286            1            0
      0.19048            1            0
       0.2381            1            0
      0.28571            1            0
      0.33333            1            0
      0.38095            1            0
      0.42857            1            0
      0.47619            1            0
      0.52381            1            0
      0.57143            1            0
      0.61905            1            0
      0.66667            1            0
      0.71429            1            0
       0.7619            1            0
      0.80952            1            0
      0.85714            1            0
      0.90476            1            0
      0.95238            1            0
            1            1            0
            1      0.97647            0
            1      0.95686            0
            1      0.93725            0
            1      0.91373            0
            1      0.89412            0
            1      0.87451            0
            1      0.85098            0
            1      0.83137            0
            1      0.81176            0
            1      0.78824            0
            1      0.76863            0
            1      0.74902            0
            1      0.72549            0
            1      0.70588            0
            1      0.68627            0
            1      0.66667            0
            1      0.64314            0
            1      0.62353            0
            1      0.60392            0
            1      0.58039            0
            1      0.56078            0
            1      0.54118            0
            1      0.51765            0
            1      0.49804            0
            1      0.47843            0
            1       0.4549            0
            1      0.43529            0
            1      0.41569            0
            1      0.39216            0
            1      0.37255            0
            1      0.35294            0
            1      0.33333            0
            1      0.31765            0
            1      0.30588            0
            1      0.29412            0
            1      0.27843            0
