function [C] = rainbow10()
C = [...
            1            0            0
            1      0.37647            0
            1      0.75294            0
      0.12549          0.8            0
            0          0.8          0.8
            0          0.5            1
            0          0.2            1
      0.50196            0            1
            1            0            1
          0.5          0.5          0.5];