function [C] = rainbow7()
C = [...
            1            0            0
            1          0.5            0
            1          0.8            0
          0.2          0.8            0
            0          0.4            1
          0.6            0            1
            1            0            1
];